Halbraum - Nue = 0.30
   92  -96    3    1    3    8
         1       0.2    0.0018     10.18   0.3     0.025
         2       0.4    0.0018     20.36   0.3     0.025
         3       0.4    0.0018     28.80   0.3     0.025
         4       0.5    0.0018     36.00   0.3     0.025
         5       0.5    0.0018     42.60   0.3     0.025
         6       0.5    0.0018     48.30   0.3     0.025
         7       0.5    0.0018     53.40   0.3     0.025
         8       0.5    0.0018     58.05   0.3     0.025
         9       0.5    0.0018     62.35   0.3     0.025
        10       0.5    0.0018     66.38   0.3     0.025
        11       0.5    0.0018     70.18   0.3     0.025
        12       0.5    0.0018     73.78   0.3     0.025
        13       0.5    0.0018     77.21   0.3     0.025
        14       0.5    0.0018     80.50   0.3     0.025
        15       0.5    0.0018     83.66   0.3     0.025
        16       0.5    0.0018     86.70   0.3     0.025
        17       0.5    0.0018     89.64   0.3     0.025
        18       0.5    0.0018     92.49   0.3     0.025
        19       0.5    0.0018     95.25   0.3     0.025
        20       0.5    0.0018     97.93   0.3     0.025
        21       0.5    0.0018    100.54   0.3     0.025
        22       0.5    0.0018    103.09   0.3     0.025
        23       0.5    0.0018    105.57   0.3     0.025
        24       0.5    0.0018    108.00   0.3     0.025
        25       0.5    0.0018    110.37   0.3     0.025
        26       0.5    0.0018    112.70   0.3     0.025
        27       0.5    0.0018    114.97   0.3     0.025
        28       0.5    0.0018    117.21   0.3     0.025
        29       0.5    0.0018    119.40   0.3     0.025
        30       0.5    0.0018    121.55   0.3     0.025
        31       0.5    0.0018    123.66   0.3     0.025
        32       0.5    0.0018    125.74   0.3     0.025
        33       0.5    0.0018    127.79   0.3     0.025
        34       0.5    0.0018    129.80   0.3     0.025
        35       0.5    0.0018    131.78   0.3     0.025
        36       0.5    0.0018    133.73   0.3     0.025
        37       0.5    0.0018    135.66   0.3     0.025
        38       0.5    0.0018    137.56   0.3     0.025
        39       0.5    0.0018    139.43   0.3     0.025
        40       0.5    0.0018    141.27   0.3     0.025
        41       0.5    0.0018    143.10   0.3     0.025
        42       0.5    0.0018    144.90   0.3     0.025
        43       0.5    0.0018    146.68   0.3     0.025
        44       0.5    0.0018    148.43   0.3     0.025
        45       0.5    0.0018    150.17   0.3     0.025
        46       0.5    0.0018    151.88   0.3     0.025
        47       0.5    0.0018    153.58   0.3     0.025
        48       0.5    0.0018    155.26   0.3     0.025
        49       0.5    0.0018    156.92   0.3     0.025
        50       0.5    0.0018    158.56   0.3     0.025
        51       0.5    0.0018    160.19   0.3     0.025
        52       0.5    0.0018    161.80   0.3     0.025
        53       0.5    0.0018    163.39   0.3     0.025
        54       0.5    0.0018    164.97   0.3     0.025
        55       0.5    0.0018    166.54   0.3     0.025
        56       0.5    0.0018    168.09   0.3     0.025
        57       0.5    0.0018    169.62   0.3     0.025
        58       0.5    0.0018    171.14   0.3     0.025
        59       0.5    0.0018    172.65   0.3     0.025
        60       0.5    0.0018    174.14   0.3     0.025
        61       0.5    0.0018    175.63   0.3     0.025
        62       0.5    0.0018    177.10   0.3     0.025
        63       0.5    0.0018    178.55   0.3     0.025
        64       0.5    0.0018    180.00   0.3     0.025
        65       0.5    0.0018    181.43   0.3     0.025
        66       0.5    0.0018    182.86   0.3     0.025
        67       0.5    0.0018    184.27   0.3     0.025
        68       0.5    0.0018    185.67   0.3     0.025
        69       0.5    0.0018    187.06   0.3     0.025
        70       0.5    0.0018    188.44   0.3     0.025
        71       0.5    0.0018    189.81   0.3     0.025
        72       0.5    0.0018    191.17   0.3     0.025
        73       0.5    0.0018    192.52   0.3     0.025
        74       0.5    0.0018    193.87   0.3     0.025
        75       0.5    0.0018    195.20   0.3     0.025
        76       0.5    0.0018    196.52   0.3     0.025
        77       0.5    0.0018    197.84   0.3     0.025
        78       0.5    0.0018    199.14   0.3     0.025
        79       0.5    0.0018    200.44   0.3     0.025
        80       0.5    0.0018    201.73   0.3     0.025
        81       0.5    0.0018    203.01   0.3     0.025
        82       0.5    0.0018    204.28   0.3     0.025
        83       0.5    0.0018    205.55   0.3     0.025
        84       0.5    0.0018    206.80   0.3     0.025
        85       0.5    0.0018    208.05   0.3     0.025
        86       0.5    0.0018    209.30   0.3     0.025
        87       0.5    0.0018    210.53   0.3     0.025
        88       0.5    0.0018    211.76   0.3     0.025
        89       0.5    0.0018    212.98   0.3     0.025
        90       0.5    0.0018    214.19   0.3     0.025
        91       0.5    0.0018    215.40   0.3     0.025
        92       0.5    0.0018    216.60   0.3     0.025
       0.5      3.00      0.50
    1    1   12   22
      10.0      30.0












